0,48.7767982,-121.810997
1,48.1118011,-121.1110001
2,46.8698006,-121.7509995
3,46.1997986,-122.1809998
4,46.20579910000001,-121.4909973
5,45.8797989,-122.0810013
6,45.929798100000006,-121.8209991
7,45.3737984,-121.6910019
8,44.691799200000005,-121.8010025
9,44.4197998,-121.7710037
10,44.3797989,-121.9309998
11,44.331798600000006,-121.8310013
12,44.2848015,-121.8410034
13,44.1697998,-121.7710037
14,44.099800099999996,-121.7710037
15,43.978801700000005,-121.6809998
16,43.7218018,-121.2210007
17,43.569801299999995,-121.8209991
18,43.5119019,-120.8610001
19,43.240798999999996,-122.10099790000001
20,43.471900899999994,-120.7509995
21,43.3609009,-120.6610031
22,42.9299011,-122.1210022
23,44.4299011,-110.6709976
24,43.0998993,-118.7509995
25,43.1498985,-117.4710007
26,42.9999008,-117.8010025
27,43.419899,-113.5009995
28,43.4999008,-112.45099640000001
29,43.1799011,-114.35099790000001
30,42.605899799999996,-117.5810013
31,41.579898799999995,-121.5709991
32,42.8799019,-113.2210007
33,41.419899,-122.20099640000001
34,41.1778984,-121.4410019
35,40.954898799999995,-121.3610001
36,40.77989960000001,-121.60099790000001
37,40.6799011,-121.5510025
38,40.6299019,-120.8310013
39,40.491901399999996,-121.5009995
40,38.9698982,-122.7710037
41,39.3749008,-119.7210007
42,39.6500015,-107.03099820000001
43,37.9999008,-119.03099820000001
44,38.970001200000006,-112.5009995
45,37.8799019,-119.0009995
46,37.6918983,-119.0210037
47,37.6999016,-118.8710022
48,37.579898799999995,-119.0510025
49,37.0199013,-117.45099640000001
50,37.5800018,-112.6709976
51,37.257,-113.6210022
52,37.32799910000001,-112.40100100000001
53,36.3578987,-118.3209991
54,36.02989960000001,-117.8209991
55,36.3800011,-113.1309967
56,34.75,-116.6210022
57,35.8699989,-106.5709991
58,35.3699989,-111.5009995
59,34.5499992,-115.78099820000001
60,34.7999992,-108.0009995
61,33.7801018,-105.9309998
